name: miniseg
channels:
  - conda-forge
dependencies:
  - bzip2=1.0.8=h8ffe710_4
  - ca-certificates=2022.12.7=h5b45459_0
  - intel-openmp=2023.0.0=h57928b3_25922
  - libblas=3.9.0=16_win64_mkl
  - libcblas=3.9.0=16_win64_mkl
  - libffi=3.4.2=h8ffe710_5
  - libhwloc=2.9.0=h51c2c0f_0
  - libiconv=1.17=h8ffe710_0
  - liblapack=3.9.0=16_win64_mkl
  - libsqlite=3.40.0=hcfcfb64_0
  - libxml2=2.10.3=hc3477c8_6
  - libzlib=1.2.13=hcfcfb64_4
  - mkl=2022.1.0=h6a75c08_874
  - numpy=1.24.2=py311h0b4df5a_0
  - openssl=3.1.0=hcfcfb64_0
  - pandas=1.5.3=py311hf63dbb6_1
  - pip=23.0.1=pyhd8ed1ab_0
  - pthreads-win32=2.9.1=hfa6e2cd_3
  - pyqtgraph=0.13.2=pyhd8ed1ab_0
  - python=3.11.0=hcf16a7b_0_cpython
  - python-dateutil=2.8.2=pyhd8ed1ab_0
  - python_abi=3.11=3_cp311
  - pytz=2023.3=pyhd8ed1ab_0
  - setuptools=67.6.0=pyhd8ed1ab_0
  - six=1.16.0=pyh6c4a22f_0
  - tbb=2021.8.0=h91493d7_0
  - tk=8.6.12=h8ffe710_0
  - tzdata=2023b=h71feb2d_0
  - ucrt=10.0.22621.0=h57928b3_0
  - vc=14.3=hb6edc58_10
  - vs2015_runtime=14.34.31931=h4c5c07a_10
  - wheel=0.40.0=pyhd8ed1ab_0
  - xz=5.2.6=h8d14728_0
  - pip:
      - darkdetect==0.7.1
      - pyqtdarktheme==2.1.0
      - pyside6==6.4.3
      - pyside6-addons==6.4.3
      - pyside6-essentials==6.4.3
      - shiboken6==6.4.3
prefix: C:\Users\robin\mambaforge\envs\miniseg
